line -125 -35 -203 -80
line -125 -44 -195 -84
line -125 -52 -188 -89
line -125 -59 -182 -92
line -125 -66 -176 -95
line -125 -72 -171 -98
line -125 -77 -167 -101
line -125 -82 -162 -103
line -125 -86 -159 -106
line -125 -90 -155 -108
line -125 -94 -152 -109
line -125 -97 -150 -111
line -125 -100 -147 -112
line -125 -102 -145 -114
line -125 -104 -143 -115
line -125 -106 -141 -116
line -125 -108 -140 -117
line -125 -110 -138 -117
line -125 -111 -137 -118
line -125 -113 -136 -119
line -125 -114 -135 -120
line -125 -115 -134 -120
line -125 -116 -133 -121
line -125 -117 -132 -121
line -125 -118 -131 -121
line -203 -80 -203 -170
line -195 -84 -195 -166
line -188 -89 -188 -161
line -182 -92 -182 -158
line -176 -95 -176 -155
line -171 -98 -171 -152
line -167 -101 -167 -149
line -162 -103 -162 -147
line -159 -106 -159 -144
line -155 -108 -155 -142
line -152 -109 -152 -141
line -150 -111 -150 -139
line -147 -112 -147 -138
line -145 -114 -145 -136
line -143 -115 -143 -135
line -141 -116 -141 -134
line -140 -117 -140 -133
line -138 -117 -138 -133
line -137 -118 -137 -132
line -136 -119 -136 -131
line -135 -120 -135 -130
line -134 -120 -134 -130
line -133 -121 -133 -129
line -132 -121 -132 -129
line -131 -121 -131 -129
line -203 -170 -125 -215
line -195 -166 -125 -206
line -188 -161 -125 -198
line -182 -158 -125 -191
line -176 -155 -125 -184
line -171 -152 -125 -178
line -167 -149 -125 -173
line -162 -147 -125 -168
line -159 -144 -125 -164
line -155 -142 -125 -160
line -152 -141 -125 -156
line -150 -139 -125 -153
line -147 -138 -125 -150
line -145 -136 -125 -148
line -143 -135 -125 -146
line -141 -134 -125 -144
line -140 -133 -125 -142
line -138 -133 -125 -140
line -137 -132 -125 -139
line -136 -131 -125 -137
line -135 -130 -125 -136
line -134 -130 -125 -135
line -133 -129 -125 -134
line -132 -129 -125 -133
line -131 -129 -125 -132
line -125 -215 -47 -170
line -125 -206 -55 -166
line -125 -198 -62 -161
line -125 -191 -68 -158
line -125 -184 -74 -155
line -125 -178 -79 -152
line -125 -173 -83 -149
line -125 -168 -88 -147
line -125 -164 -91 -144
line -125 -160 -95 -142
line -125 -156 -98 -141
line -125 -153 -100 -139
line -125 -150 -103 -138
line -125 -148 -105 -136
line -125 -146 -107 -135
line -125 -144 -109 -134
line -125 -142 -110 -133
line -125 -140 -112 -133
line -125 -139 -113 -132
line -125 -137 -114 -131
line -125 -136 -115 -130
line -125 -135 -116 -130
line -125 -134 -117 -129
line -125 -133 -118 -129
line -125 -132 -119 -129
line -47 -170 -47 -80
line -55 -166 -55 -84
line -62 -161 -62 -89
line -68 -158 -68 -92
line -74 -155 -74 -95
line -79 -152 -79 -98
line -83 -149 -83 -101
line -88 -147 -88 -103
line -91 -144 -91 -106
line -95 -142 -95 -108
line -98 -141 -98 -109
line -100 -139 -100 -111
line -103 -138 -103 -112
line -105 -136 -105 -114
line -107 -135 -107 -115
line -109 -134 -109 -116
line -110 -133 -110 -117
line -112 -133 -112 -117
line -113 -132 -113 -118
line -114 -131 -114 -119
line -115 -130 -115 -120
line -116 -130 -116 -120
line -117 -129 -117 -121
line -118 -129 -118 -121
line -119 -129 -119 -121
line -47 -80 -125 -35
line -55 -84 -125 -44
line -62 -89 -125 -52
line -68 -92 -125 -59
line -74 -95 -125 -66
line -79 -98 -125 -72
line -83 -101 -125 -77
line -88 -103 -125 -82
line -91 -106 -125 -86
line -95 -108 -125 -90
line -98 -109 -125 -94
line -100 -111 -125 -97
line -103 -112 -125 -100
line -105 -114 -125 -102
line -107 -115 -125 -104
line -109 -116 -125 -106
line -110 -117 -125 -108
line -112 -117 -125 -110
line -113 -118 -125 -111
line -114 -119 -125 -113
line -115 -120 -125 -114
line -116 -120 -125 -115
line -117 -121 -125 -116
line -118 -121 -125 -117
line -119 -121 -125 -118
