line 125 -35 39 -97
line 125 -44 48 -100
line 125 -52 56 -102
line 125 -59 63 -105
line 125 -66 69 -107
line 125 -72 75 -109
line 125 -77 80 -110
line 125 -82 84 -112
line 125 -86 88 -113
line 125 -90 92 -114
line 125 -94 95 -115
line 125 -97 98 -116
line 125 -100 101 -117
line 125 -102 103 -118
line 125 -104 105 -119
line 125 -106 107 -119
line 125 -108 109 -120
line 125 -110 111 -120
line 125 -111 112 -121
line 125 -113 113 -121
line 125 -114 115 -122
line 125 -115 116 -122
line 125 -116 117 -122
line 125 -117 117 -123
line 125 -118 118 -123
line 39 -97 72 -198
line 48 -100 77 -191
line 56 -102 82 -184
line 63 -105 86 -178
line 69 -107 90 -173
line 75 -109 94 -168
line 80 -110 97 -164
line 84 -112 100 -160
line 88 -113 102 -156
line 92 -114 104 -153
line 95 -115 106 -150
line 98 -116 108 -148
line 101 -117 110 -146
line 103 -118 112 -144
line 105 -119 113 -142
line 107 -119 114 -140
line 109 -120 115 -139
line 111 -120 116 -137
line 112 -121 117 -136
line 113 -121 118 -135
line 115 -122 119 -134
line 116 -122 119 -133
line 117 -122 120 -132
line 117 -123 120 -131
line 118 -123 121 -131
line 72 -198 178 -198
line 77 -191 173 -191
line 82 -184 168 -184
line 86 -178 164 -178
line 90 -173 160 -173
line 94 -168 156 -168
line 97 -164 153 -164
line 100 -160 150 -160
line 102 -156 148 -156
line 104 -153 146 -153
line 106 -150 144 -150
line 108 -148 142 -148
line 110 -146 140 -146
line 112 -144 138 -144
line 113 -142 137 -142
line 114 -140 136 -140
line 115 -139 135 -139
line 116 -137 134 -137
line 117 -136 133 -136
line 118 -135 132 -135
line 119 -134 131 -134
line 119 -133 131 -133
line 120 -132 130 -132
line 120 -131 130 -131
line 121 -131 129 -131
line 178 -198 211 -97
line 173 -191 202 -100
line 168 -184 194 -102
line 164 -178 187 -105
line 160 -173 181 -107
line 156 -168 175 -109
line 153 -164 170 -110
line 150 -160 166 -112
line 148 -156 162 -113
line 146 -153 158 -114
line 144 -150 155 -115
line 142 -148 152 -116
line 140 -146 149 -117
line 138 -144 147 -118
line 137 -142 145 -119
line 136 -140 143 -119
line 135 -139 141 -120
line 134 -137 139 -120
line 133 -136 138 -121
line 132 -135 137 -121
line 131 -134 135 -122
line 131 -133 134 -122
line 130 -132 133 -122
line 130 -131 133 -123
line 129 -131 132 -123
line 211 -97 125 -35
line 202 -100 125 -44
line 194 -102 125 -52
line 187 -105 125 -59
line 181 -107 125 -66
line 175 -109 125 -72
line 170 -110 125 -77
line 166 -112 125 -82
line 162 -113 125 -86
line 158 -114 125 -90
line 155 -115 125 -94
line 152 -116 125 -97
line 149 -117 125 -100
line 147 -118 125 -102
line 145 -119 125 -104
line 143 -119 125 -106
line 141 -120 125 -108
line 139 -120 125 -110
line 138 -121 125 -111
line 137 -121 125 -113
line 135 -122 125 -114
line 134 -122 125 -115
line 133 -122 125 -116
line 133 -123 125 -117
line 132 -123 125 -118
