line 125 215 35 125
line 125 206 44 125
line 125 198 52 125
line 125 191 59 125
line 125 184 66 125
line 125 178 72 125
line 125 173 77 125
line 125 168 82 125
line 125 164 86 125
line 125 160 90 125
line 125 156 94 125
line 125 153 97 125
line 125 150 100 125
line 125 148 102 125
line 125 146 104 125
line 125 144 106 125
line 125 142 108 125
line 125 140 110 125
line 125 139 111 125
line 125 137 113 125
line 125 136 114 125
line 125 135 115 125
line 125 134 116 125
line 125 133 117 125
line 125 132 118 125
line 35 125 125 35
line 44 125 125 44
line 52 125 125 52
line 59 125 125 59
line 66 125 125 66
line 72 125 125 72
line 77 125 125 77
line 82 125 125 82
line 86 125 125 86
line 90 125 125 90
line 94 125 125 94
line 97 125 125 97
line 100 125 125 100
line 102 125 125 102
line 104 125 125 104
line 106 125 125 106
line 108 125 125 108
line 110 125 125 110
line 111 125 125 111
line 113 125 125 113
line 114 125 125 114
line 115 125 125 115
line 116 125 125 116
line 117 125 125 117
line 118 125 125 118
line 125 35 215 125
line 125 44 206 125
line 125 52 198 125
line 125 59 191 125
line 125 66 184 125
line 125 72 178 125
line 125 77 173 125
line 125 82 168 125
line 125 86 164 125
line 125 90 160 125
line 125 94 156 125
line 125 97 153 125
line 125 100 150 125
line 125 102 148 125
line 125 104 146 125
line 125 106 144 125
line 125 108 142 125
line 125 110 140 125
line 125 111 139 125
line 125 113 137 125
line 125 114 136 125
line 125 115 135 125
line 125 116 134 125
line 125 117 133 125
line 125 118 132 125
line 215 125 125 215
line 206 125 125 206
line 198 125 125 198
line 191 125 125 191
line 184 125 125 184
line 178 125 125 178
line 173 125 125 173
line 168 125 125 168
line 164 125 125 164
line 160 125 125 160
line 156 125 125 156
line 153 125 125 153
line 150 125 125 150
line 148 125 125 148
line 146 125 125 146
line 144 125 125 144
line 142 125 125 142
line 140 125 125 140
line 139 125 125 139
line 137 125 125 137
line 136 125 125 136
line 135 125 125 135
line 134 125 125 134
line 133 125 125 133
line 132 125 125 132
