line -125 215 -203 80
line -125 206 -195 84
line -125 198 -188 89
line -125 191 -182 92
line -125 184 -176 95
line -125 178 -171 98
line -125 173 -167 101
line -125 168 -162 103
line -125 164 -159 106
line -125 160 -155 108
line -125 156 -152 109
line -125 153 -150 111
line -125 150 -147 112
line -125 148 -145 114
line -125 146 -143 115
line -125 144 -141 116
line -125 142 -140 117
line -125 140 -138 117
line -125 139 -137 118
line -125 137 -136 119
line -125 136 -135 120
line -125 135 -134 120
line -125 134 -133 121
line -125 133 -132 121
line -125 132 -131 121
line -203 80 -47 80
line -195 84 -55 84
line -188 89 -62 89
line -182 92 -68 92
line -176 95 -74 95
line -171 98 -79 98
line -167 101 -83 101
line -162 103 -88 103
line -159 106 -91 106
line -155 108 -95 108
line -152 109 -98 109
line -150 111 -100 111
line -147 112 -103 112
line -145 114 -105 114
line -143 115 -107 115
line -141 116 -109 116
line -140 117 -110 117
line -138 117 -112 117
line -137 118 -113 118
line -136 119 -114 119
line -135 120 -115 120
line -134 120 -116 120
line -133 121 -117 121
line -132 121 -118 121
line -131 121 -119 121
line -47 80 -125 215
line -55 84 -125 206
line -62 89 -125 198
line -68 92 -125 191
line -74 95 -125 184
line -79 98 -125 178
line -83 101 -125 173
line -88 103 -125 168
line -91 106 -125 164
line -95 108 -125 160
line -98 109 -125 156
line -100 111 -125 153
line -103 112 -125 150
line -105 114 -125 148
line -107 115 -125 146
line -109 116 -125 144
line -110 117 -125 142
line -112 117 -125 140
line -113 118 -125 139
line -114 119 -125 137
line -115 120 -125 136
line -116 120 -125 135
line -117 121 -125 134
line -118 121 -125 133
line -119 121 -125 132
